function res=subass(a)
%光伏组件的数据
%1,2为尺寸
%3为转换效率
%4为价格
%5为最低运行功率

res=[1580 808 16.84	3203.5 200;
1956 991 16.64	4842.5 200;
1580 808 18.70	2980 200;
1651 992 16.50	4023 200;
1650 991 14.98	3650.5 200;
1956 991 15.11	4395.5 200;
1650 991 16.21	3312.5 80;
1956 991 16.39	4000 80;
1482 992 15.98	2625 80;
1640 992 14.80	3000 80;
1956 992 15.98	3500 80;
1956 992 15.20	3687.5 80;
1668 1000 14.99 3125 80;
1300 1100 6.99	480 30;
1321 711 6.17	278.4 30;
1414 1114 6.35	480 30;
1400 1100 5.84	432 30;
1400 1100 6.49	480 30;
310 355 3.63	19.2 30;
615 180 3.63	19.2 30;
615 355 3.66	38.4 30;
920 355 3.66	57.6 30;
818 355 4.13	57.6 30;
1645 712 4.27	240 30];
